time,currency,impact,event,detail,actual-Color,actual,forecast,previous,date,day
15:30,USD,yellow,Natural Gas Storage,https://www.forexfactory.com/calendar?month=January#detail=142442,red,-116B,-127B,-93B,03/01/2025,Fri
17:00,USD,yellow,Natural Gas Storage,https://www.forexfactory.com/calendar?month=January#detail=142443,gray,-40B,-39B,-116B,08/01/2025,Wed
15:30,USD,yellow,Natural Gas Storage,https://www.forexfactory.com/calendar?month=January#detail=142444,gray,-258B,-260B,-40B,16/01/2025,Thu
15:30,USD,yellow,Natural Gas Storage,https://www.forexfactory.com/calendar?month=January#detail=142445,red,-223B,-270B,-258B,23/01/2025,Thu
15:30,USD,yellow,Natural Gas Storage,https://www.forexfactory.com/calendar?month=January#detail=142446,green,-321B,-317B,-223B,30/01/2025,Thu
